l	2-222	2-232	2-133	2-242	2-143	2044	3-321	3-222	3-331	3-232	3-133	3-341	3-242	3-143	3044	4-420	4-321	4-222	4-430	4-331	4-232	4-133	4-440	4-341	4-242	4-143	4044
2	0.0	0.0	0.0	0.0	0.0	0.0	0.0	0.0	0.0	0.0	0.0	0.0	0.0	0.0	0.0	0.0	0.0	0.0	0.0	0.0	0.0	0.0	0.0	0.0	0.0	0.0	0.0
3	0.0	0.0	0.0	0.0	0.0	0.0	0.0	0.0	0.0	0.0	0.0	0.0	0.0	0.0	0.0	0.0	0.0	0.0	0.0	0.0	0.0	0.0	0.0	0.0	0.0	0.0	0.0
4	0.014893651844918676	0.05034701033838418	0.030835011535875093	0.08173383445518743	0.07282317377787409	0.037845416717795066	0.055496796468643285	0.020142615722613968	0.10539121693132701	0.05416306021442638	0.013115267166604614	0.10457147793129817	0.05603620330884508	0.009090401069739993	-0.009265977944244727	0.11183077151609966	0.03010770926898297	0.0018205178006011253	0.11604043781060659	0.02180688759165249	-0.013041410120096655	-0.011521366466065434	0.04690421433393028	-0.03411159371242291	-0.05335956694528528	-0.037188661410124696	-0.01473634681958938
5	0.02155458427509094	0.060441798665338664	0.054768011823906795	0.06899268037976944	0.10538858909188756	0.07759342889250315	0.07017422871122657	0.04157311354504726	0.10034723040913632	0.10042912364037324	0.04270244519045482	0.046065568373859854	0.08429166275231396	0.04917936580026378	0.0020772016140853024	0.1238120795544625	0.07870423869062405	0.01907083198469354	0.07196228433476497	0.07768396608270864	0.01681123480104417	-0.012412059364403746	-0.03844505079397427	-0.007572997564454986	-0.041387170404602415	-0.05815052831697385	-0.03848652749457715
6	0.018521626034356985	0.03912860701270279	0.05751957976296277	0.01823303844938443	0.08010395016014739	0.0947330265755811	0.04984196456339631	0.0485317268528899	0.040892978452610654	0.09590896245334901	0.0696199840768763	-0.025555181712411865	0.04102574760021859	0.07451045597002799	0.033720845847975765	0.07170018097688179	0.09340196976675955	0.04311135509465693	-0.005194931652899181	0.07032098720976354	0.06280360601771245	0.01042886792579079	-0.06477926504187524	-0.032395871866326864	-0.0046264742348971835	-0.03089218535780983	-0.04602100419540203
7	0.01316425781222771	0.020940728929922756	0.04649137294023685	1.8078346784618447e-08	0.04164107657597543	0.08657447403766898	0.029815914876146866	0.04136391067202248	0.012594764809665428	0.06116793177253604	0.07498861565300682	-0.019565992992824004	-0.00825303521596619	0.05593124237532038	0.059889532440223825	0.036548099845399015	0.07052381718246345	0.05403467794861754	-0.014056430246616474	0.020922480015880315	0.0697039891829723	0.04089035500351947	-0.016537100715755815	-0.05912899072291394	-0.016784067066392416	0.00544981269062788	-0.024267016644786008
8	0.009216822657687588	0.012463416154828329	0.03434514650135856	2.2217642902322707e-06	0.01982679093015168	0.06869132731753963	0.019080633312787774	0.03115855039681969	0.007141242051644521	0.035020935137884866	0.06425582057916869	-0.004824298301369585	-0.016717010515458142	0.02471978718091644	0.06563531209308672	0.022897787751827263	0.046265703325561514	0.049464897695567375	-0.005045250508817893	3.965633175353368e-07	0.04597423971206704	0.055522149603060615	-0.0006770766431317114	-0.03381565038912911	-0.04097208308650093	0.007959668038767886	0.0059550028972432415
9	0.006555993646464523	0.007985310017704472	0.0251484796317436	8.048556692964069e-09	0.01037105906949843	0.05209327886225578	0.01285366991887307	0.023043315158278167	0.0044061379568513	0.021789034249778096	0.05040910353799337	-0.003094676350928238	-0.010709956414975456	0.007111311881540396	0.05808872230133324	0.015208849723644164	0.031666294161581524	0.0398397448912469	-0.0035920434046184243	-0.0011612325654793193	0.02601482865647704	0.05346146328420095	-0.003736833015727353	-0.01287661644773144	-0.036899031199761664	-0.006768492504554523	0.023377123649635304
10	0.0047677232930934885	0.0054031412118473055	0.01861864516152388	-4.37826646383117e-09	0.0058280335803121384	0.03936833904609917	0.009017704623196393	0.017161843896699495	0.0028956926130492174	0.014411531274152692	0.03881912269825964	-0.002092641073788105	-0.007249069407264158	0.0003634463795207766	0.04747980678729066	0.01056551743111673	0.022457350393143023	0.03111059866659995	-0.0026114003329702905	-0.001381067755237913	0.015849674377962347	0.04529297254578515	-0.0024854174395266978	-0.008591405194686841	-0.02463634758871851	-0.014980434685311395	0.02750952908680939
11	0.0035450984081858536	0.0038132893480764827	0.014010914496986658	1.9987087752217717e-09	0.0034668052820896558	0.030023386896088113	0.0065384281571484095	0.012965178669337087	0.0019971091052827746	0.009990733321823573	0.029956592816305912	-0.00147687461012793	-0.005116066641842935	-0.002161922553425012	0.03795199253720523	0.00760592787657338	0.0164095312815539	0.024213625169152025	-0.0019417255548226878	-0.001297161967291967	0.010232132149902928	0.03692199192264944	-0.0017333903617666158	-0.005993117516542905	-0.017209837281252673	-0.016225213222837393	0.025769880554609693
12	0.0026907134258142736	0.0027831885239567055	0.010724916742613624	-1.9047930138227113e-10	0.0021600160771329912	0.02319574827319067	0.004871940045188247	0.009951591716502919	0.001430955963261059	0.007188626045221598	0.02333078945779848	-0.0010779257807675329	-0.003734037430133848	-0.0029633985438167806	0.030245153562638256	0.005636818180914532	0.012297669092590445	0.01896581195443944	-0.0014737654524671353	-0.0011314803438207883	0.0069216371873363075	0.02978749252194776	-0.0012528110132920035	-0.004335124492476508	-0.012457607545690681	-0.015081848914855877	0.02244970015011322
13	0.0020803766398665227	0.00208790974684357	0.008344402717842368	-9.78430724439072e-10	0.0013986748544996385	0.018169262137329733	0.003714605947068609	0.00775822959743407	0.0010575156238424562	0.005330969058178786	0.01838062891047022	-0.0008086459226444498	-0.0028012255409223096	-0.0030527727504307085	0.024213708251433524	0.004279871825008468	0.0094177180901981	0.015002255200424646	-0.0011394709811741353	-0.0009594449886362711	0.004865292160956484	0.02404649381710389	-0.0009324488766164799	-0.003228781696309069	-0.009283684419326508	-0.013254187572725076	0.01902189523620899
14	0.0016352770226339315	0.0016026043557084474	0.0065906174961092535	9.991809206510553e-10	0.0009356837317961987	0.014423726425424149	0.002888348671640845	0.0061369391109890965	0.0008017834484929201	0.004053402774292679	0.014654404943388015	-0.0006206830738942332	-0.002150120295114547	-0.0028591296331489918	0.01953339108061664	0.0033169199520189335	0.007348201439053773	0.011996723122770439	-0.0008956757536951535	-0.0008052284622282851	0.0035309356625696504	0.01951456173076405	-0.0007111125682709652	-0.0024637643478166256	-0.007087366159494705	-0.011379813923543033	0.01595642009018375
15	0.0013044832807600393	0.001254208967945364	0.0052771955594367	-1.561380397148854e-09	0.000643692454052373	0.011594963000015715	0.002284307912802878	0.004919732763811382	0.0006211004351692801	0.003147519005477866	0.0118194606059812	-0.00048575658663216434	-0.0016826982372016824	-0.002569011407353673	0.01589586056225832	0.0026163000601142567	0.005827525919367403	0.009698062827270572	-0.0007144979917049224	-0.0006743660600737363	0.0026326154603205825	0.015951479377153778	-0.0005535769847979393	-0.0019188151625215448	-0.0055219216465410385	-0.009680908528875966	0.013358646825315547
16	0.0010543907146580824	0.000998058697924213	0.004278279513511102	8.216867918960952e-10	0.00045368971879880115	0.009429675494442185	0.0018335497200065798	0.003992228974457096	0.0004900381215916654	0.002488365114015106	0.00963737941212419	-0.0003865433916098942	-0.001339038188270557	-0.002263369131657048	0.013051793483451568	0.002095486113928618	0.004688085931926004	0.007921830756374293	-0.0005775112350417671	-0.0005658467611912553	0.0020085608759045294	0.013142548209844486	-0.0004385582716380237	-0.0015207674113742308	-0.004377836407150437	-0.008215905832097789	0.011206007712950054
17	0.0008623583078963476	0.0008058149867388501	0.0035076411951115434	-1.2641848024818855e-09	0.0003266388372144012	0.007750753923555828	0.0014910624568614213	0.0032756094541680097	0.000392790309664205	0.001998002839364191	0.007938137041649048	-0.0003120934905220868	-0.0010811148318894835	-0.0019758086108771643	0.010810429632426583	0.0017010177088054564	0.0038194556693267497	0.006534460686075965	-0.0004723354785130598	-0.00047663900244167284	0.0015631464214295935	0.010915205350944247	-0.00035277027491005525	-0.0012236525649838073	-0.0035235319402642322	-0.006980386697594639	0.009437552909029477
18	0.0007128266634214253	0.0006589289028463324	0.002905266715207864	4.150595502924152e-10	0.00023962566456439802	0.006433089152761944	0.0012266691785397575	0.002714782627011149	0.00031921456885577933	0.0016261383560952707	0.006599951441350543	-0.00025519996990191573	-0.0008840478043654298	-0.001718444050800033	0.009028711751667825	0.0013972965427576274	0.0031470418835335186	0.005439278101125635	-0.00039042973589600193	-0.0004034643354533033	0.0012376701570277029	0.009136208575181746	-0.00028754369796433576	-0.0009977123247924657	-0.002873588499116216	-0.0059483337600634775	0.007987390522666404
19	0.0005949012828353613	0.000544916496352816	0.002428723749289684	-8.415251049853915e-10	0.0001787566992134585	0.0053872245145940335	0.0010196516972537633	0.002270670265505032	0.00026258326914177944	0.0013393615267192642	0.005534848121138692	-0.00021104682251884803	-0.0007310829607074702	-0.0014937237530171163	0.007599910645650051	0.0011600083584862838	0.0026193410848650033	0.004565914455784025	-0.00032584230626101797	-0.000343334382713965	0.0009948801722245606	0.007704222041513081	-0.00023714946232345762	-0.0008230302663745268	-0.0023709717046185453	-0.005088909481012128	0.006796200751510145
20	0.0005008225702621218	0.0004551778807060073	0.0020475516662440607	1.3300511788960693e-10	0.00013536366183856773	0.004548377064098397	0.0008554917532212739	0.0019151471455721735	0.00021833613241795547	0.001114898445948152	0.004678615911456774	-0.00017628843166429952	-0.0006106867435642045	-0.0012999454040365911	0.006444252074717906	0.0009721973250300294	0.0022000719968601748	0.0038627157296387783	-0.0002743110183691707	-0.0002937564078128114	0.0008104467977693432	0.006542468600760819	-0.00019762557437958905	-0.0006860239581033409	-0.0019766185714260886	-0.0043729379180385206	0.005814198340769304
