l	2-233	2-243	2-144	3-322	3-332	3-233	3-342	3-243	3-144	4-421	4-322	4-431	4-332	4-233	4-441	4-342	4-243	4-144
2	0.0	0.0	0.0	0.0	0.0	0.0	0.0	0.0	0.0	0.0	0.0	0.0	0.0	0.0	0.0	0.0	0.0	0.0
3	0.0	0.0	0.0	0.0	0.0	0.0	0.0	0.0	0.0	0.0	0.0	0.0	0.0	0.0	0.0	0.0	0.0	0.0
4	0.0	0.0	0.0	0.0	0.0	0.0	0.0	0.0	0.0	0.0	0.0	0.0	0.0	0.0	0.0	0.0	0.0	0.0
5	0.016040525134107916	0.04167094812671277	0.029470842678408198	0.016040525134107916	0.05218971802814792	0.023727903136809756	0.0784816183202192	0.048680666570172164	0.014142561306208883	0.049111360891298014	0.01389506089800821	0.0876306513575362	0.03224823008103279	0.0031787342561835764	0.07519661536194021	0.018976498616791748	-0.01131713014193795	-0.012136044023635162
6	0.020442500482708764	0.04084805238296983	0.046226608035591664	0.020442500482708764	0.0539507445475388	0.04280082650986719	0.05201849622318312	0.0741217559112456	0.03964881264470461	0.053920782462878916	0.029966846556635934	0.06843777722569115	0.06768434773075364	0.022518585956750728	0.014125768299420301	0.04598866131850123	0.014925638716400099	-0.010489061642530547
7	0.016032582624740978	0.020820532212625056	0.0441851305189801	0.016032582624740974	0.030819700644094918	0.04506032970558851	0.006341909581057142	0.05679727396786406	0.05780638351308576	0.034358162860273544	0.034717963152569656	0.021037237383297727	0.065019104989947	0.044019072590888324	-0.029264052877720374	0.01996843450790518	0.04182920685677372	0.011080301433481463
8	0.010584033971272956	0.008247287567440755	0.03305651100951984	0.010584033971272954	0.014712553905736354	0.035380237615133606	-0.00485099313668656	0.026561473438939373	0.05700045360326336	0.01879445429028376	0.02841688160711874	0.003636723729144773	0.03849396619208592	0.04983055813411949	-0.015834170665135622	-0.014030874089184723	0.03450427174672507	0.03431421894654553
9	0.0069181530124089	0.0037187333113670802	0.022789375722458247	0.006918153012408902	0.00790340223264144	0.02483927390584017	-0.0026647885394379964	0.00977482813169319	0.045369766581216095	0.011102513963342045	0.020246451712688716	0.0016415339520130206	0.01955275820117542	0.04214331614394919	-0.003970858534147332	-0.016811355063214097	0.012737878812768697	0.04223374259410465
10	0.00461087560518275	0.0018429870447581789	0.015638250113229026	0.004610875605182749	0.004616330546014732	0.017206315814152367	-0.0015861831402312699	0.003634414424277355	0.03331988800748014	0.006950334887059632	0.014129554586354653	0.0008126858258176222	0.010903245807930034	0.031723786889227765	-0.0023369848426248794	-0.00988702310417937	0.0005459888252755728	0.03777794957734877
11	0.003152159625004874	0.0009827453429251834	0.010886868107435166	0.003152159625004874	0.0028718570975024625	0.012046885166972903	-0.0010008828633332808	0.001227402888726801	0.024123167527021608	0.004555497230694249	0.00993665590522622	0.00043334691765854446	0.006524607814457927	0.02327395968052255	-0.0014601174131973263	-0.006187140488928102	-0.003091132041973098	0.03002744028822667
12	0.0022100216535949125	0.0005556594194851412	0.007727227514166061	0.0022100216535949125	0.0018768479139151186	0.008582883626121076	-0.0006615557216848821	0.0002556811881936884	0.01755993440354463	0.0030996232294528527	0.007100080160222406	0.0002450246485807072	0.004127412711831041	0.01708094705593	-0.000958092953755092	-0.004061566465097476	-0.003835148613257104	0.023074418042244003
13	0.0015861248580089724	0.00032967017508414364	0.0055946828393426485	0.0015861248580089729	0.0012761755259031126	0.006230737438847798	-0.0004539763780630289	-0.00013002099709749968	0.01293799410531853	0.002175710301590154	0.005164827507354877	0.00014537025425966215	0.0027304966570577825	0.012654562298861041	-0.0006536218068487324	-0.0027717356682855263	-0.003617014644467701	0.017608389468067802
14	0.0011626748526664737	0.0002036444128457021	0.004127941843423753	0.001162674852666474	0.0008965211462371081	0.004606260605905648	-0.0003213261572744512	-0.00026772522691629046	0.009668304890237057	0.0015679784081731832	0.0038239794221562773	8.979879286056078e-05	0.0018740938487467164	0.009493721881851627	-0.00046042106199968477	-0.001952996914155405	-0.0031268096885044235	0.013483755375707123
15	0.0008685916570470026	0.00013019299118285829	0.0030993491849771516	0.0008685916570470022	0.0006472738712748531	0.0034636521623449584	-0.0002334409454334426	-0.0002995307632209763	0.007329267450301227	0.0011558635242301975	0.0028786967708888376	5.740997167814685e-05	0.0013265060012681651	0.00721799561061914	-0.00033316923339568697	-0.001413545336674236	-0.0026103597579150354	0.010405876102156882
16	0.0006600154067892518	8.573888637631235e-05	0.0023644249055456363	0.0006600154067892524	0.0004783265952066446	0.0026454364485054877	-0.00017341186267852974	-0.0002874311733891807	0.0056332604136947895	0.0008689770324726465	0.0022006215502981398	3.7806832875849394e-05	0.0009637502837763978	0.005560221872907873	-0.0002466773965082807	-0.0010467763046200199	-0.0021485034948536116	0.008107071510200837
17	0.0005092353790949926	5.7943619032215256e-05	0.0018300779306890647	0.0005092353790949933	0.0003606422542527574	0.0020494994506296067	-0.00013132252489044067	-0.00025899894175553963	0.0043861615882950875	0.0006646557448219138	0.001706099480176038	2.5551057835028724e-05	0.0007160632151954701	0.004336973616624478	-0.00018628417117518963	-0.0007906335549034618	-0.0017603434728045426	0.006379461883778635
18	0.00039833568747768257	4.00611925339147e-05	0.001435251230088454	0.0003983356874776824	0.0002767090775094427	0.0016085594885495967	-0.00010113888274162747	-0.0002264678361891461	0.00345648786027723	0.0005161871312336877	0.0013398141058245342	1.7664885878550247e-05	0.0005424763571451997	0.0034226060884097716	-0.0001431283529645927	-0.0006075445010586472	-0.0014428114937096545	0.00506995932567842
19	0.00031547972154279705	2.8263904376263805e-05	0.0011391609145154978	0.00031547972154279645	0.0002156022039194608	0.001277520358158329	-7.905714264365082e-05	-0.0001950753658659742	0.002754324285763832	0.00040636776943485067	0.0010645899085633482	1.2463401495524475e-05	0.0004180233663411855	0.0027305142061771264	-0.00011165094670531937	-0.000473994404735224	-0.0011860294451487615	0.0040679039706529845
20	0.0002526876601550805	2.0304411874524914e-05	0.0009140763601921452	0.0002526876601550801	0.00017029786664922761	0.0010256384194965516	-6.261942793030426e-05	-0.00016683333194758142	0.0022174329149452763	0.0003238353031633585	0.000855031319794069	8.953103936254401e-06	0.00032699776648762406	0.0022003989611722174	-8.828150058848107e-05	-0.00037481543080236993	-0.0009791550971789108	0.0032936234120476944
