l	223-3	214-4	224-3	332-2	323-3	333-2	314-4	324-3	334-2	432-2	442-1	423-3	433-2	443-1	414-4	424-3	434-2	444-1
2	0.0	0.0	0.0	0.0	0.0	0.0	0.0	0.0	0.0	0.0	0.0	0.0	0.0	0.0	0.0	0.0	0.0	0.0
3	0.0	0.0	0.0	0.0	0.0	0.0	0.0	0.0	0.0	0.0	0.0	0.0	0.0	0.0	0.0	0.0	0.0	0.0
4	0.0	0.0	0.0	0.0	0.0	0.0	0.0	0.0	0.0	0.0	0.0	0.0	0.0	0.0	0.0	0.0	0.0	0.0
5	0.016040525134107943	-0.02947084267840823	-0.04167094812671287	0.016040525134107943	-0.023727903136809777	-0.05218971802814805	0.014142561306208844	0.04868066657017225	0.07848161832021944	-0.013895060898008208	-0.04911136089129811	0.003178734256183523	0.0322482300810328	0.08763065135753643	0.012136044023635228	0.011317130141938034	-0.018976498616791803	-0.07519661536194044
6	-0.020442500482708754	0.04622660803559162	0.04084805238296981	-0.020442500482708754	0.04280082650986714	0.05395074454753876	-0.03964881264470451	-0.07412175591124559	-0.05201849622318307	0.029966846556635902	0.053920782462878895	-0.022518585956750648	-0.06768434773075364	-0.0684377772256911	-0.010489061642530634	0.014925638716400071	0.045988661318501364	0.014125768299420177
7	0.016032582624740943	-0.04418513051898001	-0.020820532212625028	0.016032582624740943	-0.04506032970558841	-0.030819700644094856	0.05780638351308562	0.05679727396786398	0.0063419095810571475	-0.03471796315256958	-0.03435816286027348	0.044019072590888206	0.06501910498994687	0.0210372373832977	-0.011080301433481368	-0.041829206856773694	-0.0199684345079051	0.02926405287772028
8	-0.010584033971272937	0.03305651100951979	0.00824728756744075	-0.010584033971272937	0.03538023761513355	0.014712553905736338	-0.05700045360326324	-0.026561473438939387	0.004850993136686563	0.028416881607118694	0.018794454290283744	-0.04983055813411937	-0.0384939661920859	-0.003636723729144769	0.03431421894654539	0.03450427174672505	-0.01403087408918463	-0.015834170665135653
9	0.006918153012408912	-0.022789375722458264	-0.0037187333113671236	0.006918153012408912	-0.02483927390584017	-0.007903402232641491	0.045369766581216046	0.009774828131693258	-0.002664788539437936	-0.020246451712688716	-0.01110251396334209	0.04214331614394913	0.01955275820117548	0.001641533952013097	-0.04223374259410452	-0.012737878812768739	0.016811355063214045	0.0039708585341472905
10	-0.0046108756051827515	0.015638250113229033	0.0018429870447581784	-0.0046108756051827515	0.017206315814152377	0.004616330546014734	-0.03331988800748015	-0.003634414424277377	0.0015861831402312835	0.014129554586354662	0.006950334887059631	-0.03172378688922777	-0.010903245807930062	-0.0008126858258176114	0.0377779495773487	0.0005459888252756876	-0.009887023104179441	-0.0023369848426248708
11	0.0031521596250048646	-0.010886868107435155	-0.0009827453429251515	0.0031521596250048646	-0.012046885166972894	-0.0028718570975024282	0.024123167527021587	0.001227402888726816	-0.0010008828633333747	-0.00993665590522622	-0.004555497230694216	0.02327395968052252	0.006524607814457959	0.0004333469176584545	-0.030027440288226584	0.003091132041972988	0.0061871404889280905	0.0014601174131974597
12	-0.0022100216535949155	0.007727227514166043	0.0005556594194851835	-0.0022100216535949164	0.008582883626121052	0.001876847913915163	-0.017559934403544527	-0.0002556811881937225	0.0006615557216847846	0.0071000801602223735	0.0030996232294528895	-0.017080947055929902	-0.004127412711831032	-0.00024502464858081074	0.023074418042243857	-0.003835148613257089	-0.004061566465097465	-0.0009580929537549641
13	0.0015861248580089557	-0.0055946828393425956	-0.00032967017508413616	0.0015861248580089557	-0.006230737438847729	-0.0012761755259030935	0.012937994105318406	-0.0001300209970975031	-0.00045397637806302276	-0.0051648275073548295	-0.002175710301590131	0.012654562298860922	0.002730496657057747	0.00014537025425965397	-0.017608389468067642	0.003617014644467677	0.002771735668285501	0.0006536218068487256
14	-0.0011626748526664531	0.0041279418434237115	0.00020364441284566396	-0.001162674852666454	0.004606260605905605	0.000896521146237061	-0.009668304890236989	0.0002677252269163102	0.00032132615727453566	0.003823979422156251	0.0015679784081731334	-0.009493721881851566	-0.0018740938487467062	-8.979879286046678e-05	0.013483755375707038	-0.003126809688504383	-0.0019529969141553704	-0.0004604210619998009
15	0.0008685916570470181	-0.003099349184977182	-0.00013019299118290258	0.000868591657047018	-0.003463652162344979	-0.0006472738712749077	0.007329267450301257	-0.0002995307632209473	-0.00023344094543334315	-0.002878696770888853	-0.0011558635242302476	0.007217995610619156	0.0013265060012681786	5.74099716782504e-05	-0.010405876102156897	0.002610359757915049	0.0014135453366742735	0.000333169233395548
16	-0.0006600154067892641	0.0023644249055456827	8.573888637630929e-05	-0.000660015406789264	0.0026454364485055397	0.00047832659520664737	-0.005633260413694888	0.00028743117338916505	0.00017341186267856858	0.0022006215502981827	0.000868977032472656	-0.005560221872907966	-0.0009637502837764413	-3.780683287582011e-05	0.008107071510200948	-0.002148503494853618	-0.0010467763046200047	-0.0002466773965083529
17	0.0005092353790949927	-0.0018300779306890831	-5.7943619032187324e-05	0.0005092353790949927	-0.002049499450629635	-0.00036064225425273274	0.0043861615882951725	-0.0002589989417555829	-0.0001313225248904914	-0.001706099480176062	-0.0006646557448218923	0.004336973616624573	0.0007160632151954572	2.5551057834974226e-05	-0.006379461883778781	0.0017603434728045704	0.0007906335549035101	0.00018628417117523118
18	-0.000398335687477687	0.0014352512300884615	4.0061192533927306e-05	-0.00039833568747768734	0.0016085594885496056	0.0002767090775094618	-0.0034564878602772542	0.00022646783618916996	0.0001011388827415723	0.001339814105824536	0.0005161871312337006	-0.003422606088409803	-0.0005424763571451701	-1.7664885878601337e-05	0.005069959325678497	-0.0014428114937097185	-0.0006075445010586874	-0.00014312835296448985
19	0.0003154797215427948	-0.0011391609145154924	-2.8263904376259546e-05	0.0003154797215427949	-0.0012775203581583262	-0.00021560220391945282	0.0027543242857638152	-0.00019507536586595733	-7.905714264368046e-05	-0.0010645899085633462	-0.0004063677694348459	0.002730514206177109	0.00041802336634120526	1.2463401495500973e-05	-0.004067903970652957	0.0011860294451487663	0.00047399440473515505	0.00011165094670539499
20	-0.00025268766015507793	0.0009140763601921288	2.030441187453207e-05	-0.0002526876601550781	0.0010256384194965306	0.00017029786664922864	-0.002217432914945235	0.00016683333194757462	6.261942793028996e-05	0.0008550313197940533	0.00032383530316335745	-0.0022003989611721715	-0.00032699776648761967	-8.953103936271431e-06	0.0032936234120476155	-0.0009791550971788685	-0.00037481543080238765	-8.828150058844872e-05
